  983.0    171   24.6   22.3     87  17.59    150     11  299.2  350.7  302.4
  977.0    227   24.2   22.2     89  17.59    153     14  299.3  350.9  302.5
  936.7    610   21.3   20.8     97  16.83    170     38  300.0  349.4  303.0
  925.0    724   20.4   20.4    100  16.61    170     38  300.2  349.0  303.1
  904.9    914   19.5   19.4     99  15.91    170     40  301.1  348.1  304.0
  873.4   1219   18.0   17.7     98  14.85    180     45  302.6  346.8  305.3
  869.0   1263   17.8   17.5     98  14.70    181     46  302.9  346.6  305.5
  850.0   1452   16.4   16.3     99  13.91    185     50  303.3  344.8  305.8
  842.8   1524   15.9   15.8     99  13.57    185     50  303.5  344.0  306.0
  813.1   1829   13.6   13.6    100  12.19    180     47  304.3  340.8  306.5
  797.0   1998   12.4   12.4    100  11.48    183     43  304.7  339.2  306.8
  794.0   2030   12.6   12.0     96  11.22    183     42  305.2  339.1  307.3
  792.0   2051   13.6   12.3     92  11.47    184     42  306.5  341.3  308.6
  788.0   2094   15.4    9.4     67   9.48    184     41  308.9  338.0  310.6
  784.4   2134   16.4    6.0     50   7.55    185     40  310.4  333.9  311.8
  783.0   2149   16.8    4.8     45   6.93    186     39  310.9  332.7  312.2
  774.0   2247   17.4    0.4     32   5.12    192     32  312.6  329.0  313.6
  762.0   2381   16.8   -1.2     29   4.62    201     23  313.4  328.3  314.2
  756.9   2438   16.4   -1.6     29   4.50    205     19  313.5  328.0  314.3
  737.0   2664   14.6   -3.4     29   4.06    216     18  314.0  327.2  314.7
  730.1   2743   13.8   -1.9     34   4.57    220     17  313.9  328.7  314.8
  722.0   2837   12.8   -0.2     41   5.25    223     17  313.8  330.7  314.8
  717.0   2895   12.8   -7.2     24   3.12    224     17  314.5  324.8  315.1
  703.0   3060   11.8  -12.2     17   2.14    229     17  315.1  322.4  315.5
  700.0   3096   11.6  -11.4     19   2.30    230     17  315.3  323.0  315.7
  654.0   3658    6.5  -13.1     23   2.14    245     24  315.8  323.0  316.2
  646.0   3759    5.6  -13.4     24   2.12    239     25  315.8  323.0  316.2
  606.8   4267    2.1  -24.4     12   0.88    210     29  317.5  320.7  317.7
  599.0   4371    1.4  -26.6     10   0.73    209     30  317.8  320.5  318.0
  561.8   4877   -3.4  -26.2     15   0.81    205     34  318.1  321.0  318.2
  523.0   5442   -8.7  -25.7     24   0.91    214     28  318.2  321.5  318.4
  517.0   5532   -8.9  -34.9     10   0.38    216     27  319.1  320.5  319.1
  510.0   5637   -8.9  -38.9      7   0.26    217     26  320.3  321.3  320.4
  500.0   5790  -10.3  -30.3     18   0.62    220     24  320.4  322.7  320.5
  490.0   5945  -11.7  -25.7     30   0.97    217     22  320.6  324.1  320.7
  482.0   6072  -12.1  -30.1     21   0.65    215     21  321.6  324.0  321.7
  480.5   6096  -12.3  -30.2     21   0.65    215     21  321.6  324.0  321.8
  452.0   6560  -16.1  -33.1     22   0.52    215     22  322.5  324.5  322.6
  422.0   7074  -20.1  -48.1      6   0.12    215     23  323.8  324.3  323.8
  409.0   7306  -21.1  -52.1      4   0.08    215     24  325.4  325.7  325.4
  400.0   7470  -22.5  -52.5      5   0.07    215     24  325.7  326.0  325.7
  394.0   7580  -23.5  -52.5      5   0.08    219     25  325.8  326.1  325.8
  391.9   7620  -23.7  -53.8      5   0.06    220     25  326.0  326.3  326.0
  382.0   7805  -24.7  -59.7      2   0.03    221     24  327.1  327.2  327.1
  316.0   9144  -35.0  -70.0      2   0.01    225     20  330.9  331.0  330.9
  303.0   9442  -37.3  -72.3      1   0.01    249     14  331.7  331.8  331.7
  302.7   9449  -37.3  -72.3      1   0.01    250     14  331.8  331.9  331.8
  300.0   9510  -37.3  -72.3      1   0.01    240     15  332.7  332.7  332.7
  292.0   9697  -37.3  -71.3      2   0.01    286     20  335.3  335.3  335.3
  289.6   9754  -37.7  -69.8      2   0.01    300     22  335.6  335.6  335.6
  275.0  10108  -39.9  -60.9      9   0.04    302     29  337.3  337.5  337.3
  261.0  10462  -43.5  -59.5     15   0.05    304     35  337.1  337.3  337.1
  253.1  10668  -45.1  -59.6     18   0.05    305     39  337.7  337.9  337.8
  250.0  10750  -45.7  -59.7     19   0.05    310     35  338.0  338.2  338.0
  217.0  11678  -53.7  -64.7     25   0.03    330     20  339.6  339.7  339.6
  210.1  11887  -54.6  -66.4     22   0.02    335     16  341.3  341.4  341.3
  208.0  11950  -54.9  -66.9     21   0.02    344     13  341.8  341.9  341.8
  200.2  12192  -56.8  -68.8     21   0.02     20      2  342.5  342.6  342.5
  200.0  12200  -56.9  -68.9     21   0.02    325      6  342.5  342.6  342.5
  181.7  12802  -61.4  -71.9     23   0.01     95     14  344.8  344.8  344.8
  175.0  13036  -63.1  -73.1     25   0.01    107     12  345.6  345.7  345.6
  173.0  13106  -63.4  -73.4     25   0.01    110     11  346.2  346.2  346.2
  156.6  13716  -66.4  -76.4     23   0.01    190     10  351.2  351.2  351.2
  156.0  13740  -66.5  -76.5     23   0.01    185      8  351.4  351.4  351.4
  153.0  13858  -64.3  -74.3     24   0.01    207      9  357.1  357.1  357.1
  151.0  13939  -64.3  -74.3     24   0.01    222     10  358.4  358.5  358.4
  150.0  13980  -63.7  -73.7     24   0.01    230     10  360.1  360.2  360.1
  149.0  14021  -63.3  -73.6     23   0.01    250     15  361.5  361.6  361.5
  147.0  14104  -62.5  -73.5     21   0.01    251     18  364.3  364.4  364.3
  145.0  14189  -62.3  -73.3     22   0.01    253     20  366.1  366.1  366.1
  141.8  14326  -63.0  -74.0     21   0.01    255     25  367.2  367.2  367.2
  138.0  14493  -63.9  -74.9     21   0.01    258     24  368.5  368.5  368.5
  129.0  14906  -64.1  -75.1     21   0.01    264     23  375.3  375.4  375.3
  122.1  15240  -66.7  -77.1     22   0.01    270     22  376.5  376.6  376.5
  117.0  15496  -68.7  -78.7     22   0.01    260     19  377.4  377.4  377.4
  114.0  15652  -68.3  -78.3     23   0.01    253     18  381.0  381.0  381.0
  108.0  15975  -69.9  -79.9     22   0.01    240     14  383.9  383.9  383.9
  107.0  16030  -69.3  -79.3     22   0.01    240     14  386.0  386.1  386.0
  106.0  16087  -66.1  -77.1     20   0.01    240     14  393.1  393.2  393.1
  102.0  16320  -66.1  -77.1     20   0.01    240     14  397.5  397.6  397.5
  100.0  16440  -64.5  -75.5     21   0.01    240     14  402.8  402.9  402.8
   85.9  17360  -68.7  -79.7     19   0.01    280      8  412.2  412.3  412.2
   82.2  17623  -68.7  -79.7     19   0.01    291      6  417.5  417.5  417.5
   79.4  17833  -65.3  -76.3     20   0.02    300      4  428.6  428.7  428.6
   76.9  18028  -64.9  -75.9     21   0.02    309      3  433.4  433.5  433.4
   73.7  18288  -65.3  -76.3     20   0.02    320      1  438.0  438.1  438.0
   70.0  18600  -65.7  -76.7     20   0.02     75      9  443.5  443.6  443.5
   67.7  18803  -66.9  -77.9     20   0.01     77     11  445.2  445.2  445.2
   63.4  19202  -66.1  -77.5     19   0.02     80     16  455.4  455.6  455.4
   58.8  19659  -65.1  -77.1     18   0.02     90     20  467.5  467.6  467.5
   55.2  20043  -66.1  -78.1     17   0.02     98     23  473.7  473.8  473.7
   54.5  20117  -65.5  -77.7     17   0.02    100     24  476.8  477.0  476.9
   52.2  20385  -63.1  -76.1     16   0.02     87     27  488.3  488.5  488.3
   51.9  20422  -63.1  -76.1     16   0.02     85     27  489.1  489.3  489.1
